[0.29411765 0.52941176 0.25490196 0.49019608 0.47058824 0.50980392
 0.50980392 0.62745098 0.74509804 0.31372549 0.41176471 0.21568627
 0.60784314 0.31372549 0.2745098  0.33333333 0.25490196 0.58823529
 0.45098039 0.54901961 0.33333333 0.76470588 0.60784314 0.50980392
 0.39215686 0.35294118 0.78431373 0.64705882 0.43137255 0.1372549
 0.43137255 0.37254902 0.39215686 0.66666667 0.7254902  0.41176471
 0.29411765 0.58823529 0.31372549 0.49019608 0.41176471 0.64705882
 0.07843137 0.41176471 0.39215686 0.2745098  0.35294118 0.29411765
 0.7254902  0.58823529 0.56862745 0.62745098 0.78431373 0.56862745
 0.66666667 0.54901961 0.62745098 0.64705882 0.52941176 0.52941176
 0.78431373 0.80392157 0.2745098  0.58823529 0.35294118 0.66666667
 0.54901961 0.49019608 0.50980392 0.52941176 0.78431373 0.66666667
 0.21568627 0.58823529 0.70588235 0.45098039 0.33333333 0.50980392
 0.47058824 0.45098039 0.78431373 0.43137255 0.74509804 0.21568627
 0.52941176 0.1372549  0.31372549 0.19607843 0.25490196 0.70588235
 0.39215686 0.60784314 0.35294118 0.39215686 0.54901961 0.45098039
 0.37254902 0.52941176 0.35294118 0.39215686 0.54901961 0.7254902
 0.47058824 0.25490196 0.25490196 0.50980392 0.50980392 0.33333333
 0.50980392 0.41176471 0.33333333 0.41176471 0.21568627 0.25490196
 0.56862745 0.31372549 0.19607843 0.39215686 0.23529412 0.11764706
 0.33333333 0.21568627 0.17647059 0.09803922 0.19607843 0.54901961
 0.29411765 0.05882353 0.60784314 0.09803922 0.37254902 0.25490196
 0.09803922 0.39215686 0.1372549  0.25490196 0.66666667 0.05882353
 0.2745098  0.15686275 0.21568627 0.03921569 0.17647059 0.19607843
 0.15686275 0.15686275 0.09803922 0.41176471 0.43137255 0.07843137
 0.62745098 0.56862745 0.62745098 0.43137255 0.39215686 0.74509804
 0.62745098 0.45098039 0.54901961 0.74509804 0.45098039 0.35294118
 0.17647059 0.31372549 0.76470588 0.50980392 0.7254902  0.39215686
 0.62745098 0.56862745 0.52941176 0.76470588 0.60784314 0.31372549
 0.56862745 0.70588235 0.62745098 0.17647059 0.52941176 0.35294118
 0.78431373 0.50980392 0.66666667 0.33333333 0.43137255 0.54901961
 0.50980392 0.50980392 0.56862745 0.74509804 0.56862745 0.47058824
 0.70588235 0.29411765 0.78431373 0.49019608 0.1372549  0.54901961
 0.54901961 0.35294118 0.64705882 0.80392157 0.23529412 0.2745098
 0.52941176 0.62745098 0.62745098 0.62745098 0.58823529 0.66666667
 0.62745098 0.49019608 0.58823529 0.74509804 0.21568627 0.56862745
 0.17647059 0.52941176 0.49019608 0.39215686 0.66666667 0.7254902
 0.66666667 0.88235294 0.17647059 0.58823529 0.64705882 0.21568627
 0.80392157 0.29411765 0.66666667 0.37254902 0.41176471 0.19607843
 0.21568627 0.88235294 0.56862745 0.35294118 0.15686275 0.45098039
 0.33333333 0.47058824 0.54901961 0.62745098 0.90196078 0.23529412
 0.52941176 0.1372549  0.31372549 0.35294118 0.68627451 0.41176471
 0.37254902 0.60784314 0.68627451 0.74509804 0.58823529 0.7254902
 0.49019608 0.54901961 0.39215686 0.41176471 0.49019608 0.43137255
 0.31372549 0.56862745 0.60784314 0.94117647 0.7254902  0.66666667
 0.74509804 0.80392157 0.7254902  0.45098039 0.60784314 0.45098039
 0.78431373 0.50980392 0.82352941 0.17647059 0.2745098  0.50980392
 0.33333333 0.70588235 0.66666667 0.58823529 0.80392157 0.41176471
 0.70588235 0.74509804 0.56862745 0.60784314 0.15686275 0.41176471
 0.56862745 0.17647059 0.25490196 0.82352941 0.23529412 0.19607843
 0.47058824 0.17647059 0.39215686 0.25490196 0.43137255 0.2745098
 0.49019608 0.41176471 0.49019608 0.58823529 0.43137255 0.47058824
 0.37254902 0.64705882 0.66666667 0.47058824 0.33333333 0.31372549
 0.49019608 0.74509804 0.66666667 0.78431373 0.52941176 0.23529412
 0.21568627 0.29411765 0.88235294 0.37254902 0.58823529 0.58823529
 0.47058824 0.17647059 0.60784314 0.23529412 0.11764706 0.54901961
 0.43137255 0.50980392 0.50980392 0.19607843 0.62745098 0.31372549
 0.66666667 0.60784314 0.66666667 0.64705882 0.29411765 0.49019608
 0.80392157 0.56862745 0.50980392 0.52941176 0.33333333 0.33333333
 0.60784314 0.39215686 0.50980392 0.29411765 0.54901961 0.35294118
 0.49019608 0.45098039 0.62745098 0.2745098  0.23529412 0.41176471
 0.56862745 0.62745098 0.35294118 0.2745098  0.49019608 0.70588235
 0.56862745 0.47058824 0.23529412 0.23529412 0.47058824 0.05882353
 0.35294118 0.41176471 0.25490196 0.54901961 0.41176471 0.58823529
 0.47058824 0.62745098 0.52941176 0.60784314 0.58823529 0.80392157
 0.25490196 0.33333333 0.19607843 0.2745098  0.35294118 0.74509804
 0.76470588 0.47058824 0.29411765 0.23529412 0.45098039 0.47058824
 0.66666667 0.2745098  0.50980392 0.43137255 0.15686275 0.70588235
 0.82352941 0.66666667 0.80392157 0.17647059 0.39215686 0.56862745
 0.70588235 0.56862745 0.25490196 0.90196078 0.45098039 0.50980392
 0.45098039 0.49019608 0.92156863 0.54901961 0.52941176 0.43137255
 0.31372549 0.54901961 0.64705882 0.45098039 0.58823529 0.45098039
 0.70588235 0.17647059 0.54901961 0.31372549 0.58823529 0.31372549
 0.39215686 0.68627451 0.45098039 0.66666667 0.60784314 0.43137255
 0.60784314 0.52941176 0.33333333 0.62745098 0.31372549 0.47058824
 0.56862745 0.70588235 0.56862745 0.50980392 0.45098039 0.66666667
 0.70588235 0.45098039 0.70588235 0.2745098  0.17647059 0.39215686
 0.50980392 0.52941176 0.66666667 0.33333333 0.62745098 0.49019608
 0.45098039 0.25490196 0.11764706 0.64705882 0.37254902 0.49019608
 0.21568627 0.2745098  0.41176471 0.31372549 0.1372549  0.60784314
 0.17647059 0.50980392 0.25490196 0.45098039 0.54901961 0.47058824
 0.23529412 0.07843137 0.35294118 0.21568627 0.54901961 0.54901961
 0.60784314 0.45098039 0.25490196 0.49019608 0.49019608 0.17647059
 0.23529412 0.2745098  0.1372549  0.19607843 0.39215686 0.31372549
 0.23529412 0.45098039 0.1372549  0.05882353 0.17647059 0.05882353
 0.15686275 0.17647059 0.7254902  0.21568627 0.56862745 0.35294118
 0.45098039 0.52941176 0.7254902  0.47058824 0.80392157 0.66666667
 0.58823529 0.39215686 0.58823529 0.64705882 0.54901961 0.76470588
 0.47058824 0.50980392 0.47058824 0.74509804 0.84313725 0.58823529
 0.47058824 0.45098039 0.80392157 0.47058824 0.62745098 0.66666667
 0.35294118 0.76470588 0.7254902  0.52941176 0.47058824 0.43137255
 0.43137255 0.43137255 0.58823529 0.56862745 0.58823529 0.74509804
 0.50980392 0.54901961 0.52941176 0.74509804 0.66666667 0.45098039
 0.54901961 0.76470588 0.41176471 0.80392157 0.50980392 0.54901961
 0.66666667 0.35294118 0.45098039 0.45098039 0.52941176 0.49019608
 0.58823529 0.90196078 0.21568627 0.54901961 0.50980392 0.41176471
 0.52941176 0.50980392 0.50980392 0.49019608 0.35294118 0.54901961
 0.41176471 0.50980392 0.49019608 0.21568627 0.49019608 0.31372549
 0.64705882 0.66666667 0.60784314 0.45098039 0.60784314 0.54901961
 0.49019608 0.52941176 0.47058824 0.54901961 0.33333333 0.62745098
 0.7254902  0.31372549 0.64705882 0.58823529 0.56862745 0.58823529
 0.54901961 0.1372549  0.29411765 0.66666667 0.49019608 0.23529412
 0.47058824 0.66666667 0.49019608 0.50980392 0.66666667 0.56862745
 0.33333333 0.45098039 0.64705882 0.39215686 0.49019608 0.62745098
 0.31372549 0.45098039 0.39215686 0.49019608 0.17647059 0.41176471
 0.56862745 0.31372549 0.54901961 0.09803922 0.39215686 0.70588235
 0.45098039 0.64705882 0.49019608 0.7254902  0.80392157 0.45098039
 0.56862745 0.45098039 0.41176471 0.54901961 0.66666667 0.19607843
 0.52941176 0.54901961 0.29411765 0.58823529 0.41176471 0.56862745
 0.37254902 0.33333333 0.50980392 0.19607843 0.43137255 0.52941176
 0.37254902 0.58823529 0.45098039 0.50980392 0.62745098 0.66666667
 0.37254902 0.49019608 0.47058824 0.60784314 0.45098039 0.70588235
 0.50980392 0.52941176 0.41176471 0.2745098  0.58823529 0.11764706
 0.11764706 0.2745098  0.39215686 0.35294118 0.58823529 0.7254902
 0.47058824 0.47058824 0.41176471 0.37254902 0.29411765 0.35294118
 0.80392157 0.2745098  0.37254902 0.68627451 0.90196078 0.33333333
 0.2745098  0.70588235 0.47058824 0.74509804 0.17647059 0.60784314
 0.43137255 0.45098039 0.66666667 0.2745098  0.62745098 0.33333333
 0.78431373 0.2745098  0.8627451  0.25490196 0.43137255 0.45098039
 0.62745098 0.2745098  0.21568627 0.33333333 0.62745098 0.45098039
 0.2745098  0.35294118 0.58823529 0.35294118 0.68627451 0.23529412
 0.52941176 0.70588235 0.56862745 0.49019608 0.56862745 0.78431373
 0.84313725 0.41176471 0.43137255 0.41176471 0.19607843 0.39215686
 0.29411765 0.58823529 0.37254902 0.70588235 0.15686275 0.68627451
 0.25490196 0.49019608 0.25490196 0.62745098 0.07843137 0.33333333
 0.41176471 0.21568627 0.31372549 0.41176471 0.37254902 0.29411765
 0.7254902  0.50980392 0.64705882 0.47058824 0.43137255 0.62745098
 0.41176471 0.68627451 0.50980392 0.54901961 0.2745098  0.45098039
 0.45098039 0.29411765 0.29411765 0.70588235 0.64705882 0.21568627
 0.64705882 0.35294118 0.54901961 0.25490196 0.52941176 0.49019608
 0.62745098 0.76470588 0.43137255 0.29411765 0.15686275 0.21568627
 0.64705882 0.47058824 0.29411765 0.23529412 0.58823529 0.49019608
 0.21568627 0.37254902 0.25490196 0.37254902 0.56862745 0.43137255
 0.39215686 0.41176471 0.60784314 0.2745098  0.09803922 0.31372549
 0.29411765 0.33333333 0.50980392 0.41176471 0.76470588 0.1372549
 0.31372549 0.19607843 0.70588235 0.37254902 0.11764706 0.25490196
 0.35294118 0.43137255 0.2745098  0.60784314 0.23529412 0.23529412
 0.52941176 0.1372549  0.29411765 0.49019608 0.39215686 0.19607843
 0.33333333 0.58823529 0.35294118 0.50980392 0.05882353 0.23529412
 0.23529412 0.33333333 0.21568627 0.19607843 0.60784314 0.35294118
 0.45098039 0.35294118 0.39215686 0.19607843 0.2745098  0.45098039
 0.03921569 0.39215686 0.2745098  0.52941176 0.43137255 0.19607843
 0.39215686 0.54901961 0.11764706 0.17647059 0.43137255 0.45098039
 0.43137255 0.25490196 0.35294118 0.37254902 0.47058824 0.19607843
 0.09803922 0.39215686 0.23529412 0.15686275 0.23529412 0.2745098
 0.33333333 0.47058824 0.45098039 0.62745098 0.1372549  0.19607843
 0.01960784]